time,car_road_id,car_speed,car_dist,drone_road_id,drone_speed,drone_target_speed,drone_dist,distance
12.018001556396484,1,0.0,1.0,1,0.010144691914319992,15.0,0.10062712419243061,-0.8993728758075694
13.019927024841309,1,0.0,1.0,1,0.49394261837005615,15.0,0.10244694812334199,-0.897553051876658
14.021000146865845,1,0.0,1.0,1,0.5708914995193481,15.0,0.5159042585974838,-0.4840957414025162
15.022781610488892,1,0.0,1.0,1,1.2977938652038574,15.0,1.201079635095311,0.20107963509531102
16.024500131607056,1,0.0,1.0,1,2.1513612270355225,15.0,2.771998059246893,1.7719980592468931
17.025662899017334,1,0.0,1.0,1,3.094778299331665,15.0,5.327151707005317,4.327151707005317
18.027528762817383,1,0.0,1.0,1,4.083057403564453,15.0,8.892384110617778,7.892384110617778
19.028547763824463,1,0.0,1.0,1,5.08224630355835,15.0,13.457520091775475,12.457520091775475
20.02988624572754,1,0.0,1.0,1,6.072370529174805,15.0,19.03707924210731,18.03707924210731
21.031641483306885,1,0.0,1.0,1,7.070682525634766,15.0,25.607467954928488,24.607467954928488
22.032528162002563,1,0.0,1.0,1,8.038919448852539,15.0,33.181251220585466,32.181251220585466
23.034448623657227,1,0.0,1.0,1,8.80085563659668,15.0,41.624360544135044,40.624360544135044
24.036304712295532,1,0.0,1.0,1,9.264860153198242,15.0,50.689108074671246,49.689108074671246
25.038063764572144,1,0.0,1.0,1,9.454951286315918,15.0,60.07676506590332,59.07676506590332
26.040261030197144,1,0.0,1.0,1,9.426200866699219,15.0,69.5398772808269,68.5398772808269
27.041194915771484,1,0.0,1.0,1,9.174367904663086,15.0,78.85581666389173,77.85581666389173
28.042869567871094,1,0.0,1.0,1,8.718698501586914,15.0,87.79400537539887,86.79400537539887
29.044504404067993,1,0.0,1.0,1,8.02734375,15.0,96.21032777877396,95.21032777877396
30.547613859176636,1,0.0,1.0,1,7.090503215789795,0,103.76527119575857,102.76527119575857
31.549457550048828,1,0.0,1.0,1,4.456827640533447,0,112.30892637927707,111.30892637927707
32.551116704940796,1,0.0,1.0,1,3.421144962310791,0,116.1909413675744,115.1909413675744
33.552666425704956,1,0.0,1.0,1,2.3704235553741455,0,119.01936347489055,118.01936347489055
34.55470037460327,1,0.0,1.0,1,1.1347743272781372,0,120.73576112475548,119.73576112475548
35.556631326675415,1,0.0,1.0,1,0.16908451914787292,0,121.2615791661387,120.2615791661387
36.55854272842407,1,0.0,1.0,1,0.48471954464912415,0,121.04649751968644,120.04649751968644
37.56025171279907,1,0.0,1.0,1,0.2547006905078888,0,120.86847420525547,119.86847420525547
38.562248945236206,1,0.0,1.0,1,0.06656162440776825,0,120.82554494120127,119.82554494120127
39.56425857543945,1,0.0,1.0,1,0.08654915541410446,0,120.85679463489426,119.85679463489426
40.565104484558105,1,0.0,1.0,1,0.07859853655099869,0,120.89035386452173,119.89035386452173
41.56681537628174,1,0.0,1.0,1,0.048196498304605484,0,120.9103194159764,119.9103194159764
42.568559885025024,1,0.0,1.0,1,0.035288359969854355,0,120.90627420554245,119.90627420554245
43.56922268867493,1,0.0,1.0,1,0.03295516595244408,0,120.90627420617231,119.90627420617231
44.57099914550781,1,0.0,1.0,1,0.03121485561132431,0,120.90308893805292,119.90308893805292
45.57261538505554,1,0.0,1.0,1,0.03773146867752075,0,120.88948924900683,119.88948924900683
46.574753284454346,1,0.0,1.0,1,0.04545563459396362,0,120.88948924963678,119.88948924963678
47.57661962509155,1,0.0,1.0,1,0.05170068517327309,0,120.88630490730172,119.88630490730172
48.57882070541382,1,0.0,1.0,1,0.04872943460941315,0,120.88630490730172,119.88630490730172
49.58056712150574,1,0.0,1.0,1,0.05364544689655304,0,120.88630490818367,119.88630490818367
50.5824670791626,1,0.0,1.0,1,0.05330292880535126,0,120.88630490931762,119.88630490931762
51.58438539505005,1,0.0,1.0,1,0.05484837293624878,0,120.88630490931762,119.88630490931762
52.58618783950806,1,1.4,2.4,1,0.05598442256450653,0,120.87588973871172,118.47588973871171
53.588128328323364,1,1.4,3.8,1,0.058450546115636826,0,120.87270572221898,117.07270572221898
54.58998513221741,1,1.4,5.2,1,0.06816985458135605,0,120.8831211660187,115.6831211660187
55.59208965301514,1,1.4,6.6,1,0.06260807067155838,0,120.8758897412318,114.27588974123181
56.59295892715454,1,1.4,8.0,1,0.0559220165014267,0,120.86547469658719,112.86547469658719
57.59391903877258,1,1.4,9.4,1,0.06166549399495125,0,120.87270572524315,111.47270572524315
58.59599804878235,1,1.4,10.8,1,0.06598880887031555,0,120.87270572713327,110.07270572713327
59.597878217697144,1,1.4,12.2,1,0.06782548874616623,0,120.8831211730745,108.6831211730745
60.59996461868286,1,1.4,13.6,1,0.06778404116630554,0,120.8831211730745,107.2831211730745
61.601797103881836,1,1.4,15.0,1,0.06932201236486435,0,120.87270573166954,105.87270573166954
62.602877140045166,1,1.4,16.4,1,0.06967511028051376,0,120.87270573166954,104.47270573166955
63.604382276535034,1,1.4,17.8,1,0.06837842613458633,0,120.87270573166954,103.07270573166954
64.60603499412537,1,1.4,19.2,1,0.07678679376840591,0,120.87270573166954,101.67270573166954
66.10827159881592,1,1.4,20.6,1,0.0675150603055954,1.1272942656842928,120.8727057343157,100.2727057343157
67.10923099517822,1,1.4,22.0,1,0.5698938369750977,15.0,121.05673506080386,99.05673506080386
68.11025547981262,1,1.4,23.4,1,1.18669855594635,15.0,121.8418802452233,98.4418802452233
69.11126375198364,1,1.4,24.8,1,1.6467022895812988,15.0,123.2278472245656,98.4278472245656
70.11260509490967,1,1.4,26.2,1,1.0498297214508057,15.0,124.57690323275402,98.37690323275402
71.11343598365784,1,1.4,27.6,1,0.28082865476608276,15.0,125.16112536259871,97.56112536259872
72.11511373519897,1,1.4,29.0,1,0.055071622133255005,15.0,125.22604690892994,96.22604690892994
73.11640501022339,1,1.4,30.4,1,0.050714559853076935,15.0,125.10270126295538,94.70270126295537
74.11810231208801,1,2.5,32.9,1,0.04592097923159599,15.0,125.0209007063194,92.12090070631939
75.11884498596191,1,2.5,35.4,1,0.08421450108289719,15.0,124.99363515919966,89.59363515919966
76.1205153465271,1,2.5,37.9,1,0.09512349218130112,15.0,125.00077629213861,87.10077629213862
77.1222755908966,1,2.5,40.4,1,0.0976777896285057,15.0,125.021550456246,84.62155045624601
78.124032497406,1,2.5,42.9,1,0.08787989616394043,15.0,125.03518240948462,82.13518240948463
79.12576293945312,1,2.5,45.4,1,0.0832294151186943,15.0,125.03842766867284,79.63842766867285
80.12658977508545,1,2.5,47.9,1,0.08133342117071152,15.0,125.0384276695255,77.1384276695255
81.12851357460022,1,2.5,50.4,1,0.0828932672739029,15.0,125.02804093616034,74.62804093616035
82.13024473190308,1,2.5,52.9,1,0.08507923036813736,15.0,125.021550456246,72.12155045624601
83.13196277618408,1,2.5,55.4,1,0.09373719245195389,15.0,125.02155045709878,69.62155045709878
84.13382887840271,1,2.5,57.9,1,0.09659437090158463,15.0,125.02155045709878,67.12155045709878
85.1355972290039,1,2.5,60.4,1,0.09215906262397766,15.0,125.02479540736844,64.62479540736845
86.13644218444824,1,2.5,62.9,1,0.09261149168014526,15.0,125.0247954082212,62.124795408221196
87.13809442520142,1,2.5,65.4,1,0.08493897318840027,15.0,125.03518241143361,59.635182411433604
88.14000034332275,1,2.5,67.9,1,0.0876651182770729,15.0,125.03518241143361,57.135182411433604
89.14189076423645,1,2.5,70.4,1,0.08851518481969833,15.0,125.021550456246,54.621550456246
90.14368605613708,1,2.5,72.9,1,0.09976868331432343,15.0,125.01116331270494,52.11116331270493
91.1455590724945,1,2.5,75.4,1,0.10442275553941727,15.0,125.01116331185209,49.61116331185208
92.14738345146179,1,2.5,77.9,1,0.10262767970561981,15.0,125.02155045709878,47.12155045709878
93.14829754829407,1,2.5,80.4,1,0.09898287802934647,15.0,125.01116331380146,44.611163313801455
94.15013027191162,1,2.5,82.9,1,0.10356702655553818,15.0,125.01830608396136,42.11830608396136
95.1519877910614,1,2.5,85.4,1,0.10126722604036331,15.0,125.0183060828649,39.61830608286489
96.15369629859924,1,2.5,87.9,1,0.10451669991016388,15.0,125.0079186688939,37.10791866889389
97.15547776222229,1,2.5,90.4,1,0.1067505031824112,15.0,125.0183060820121,34.6183060820121
98.15625524520874,1,2.5,92.9,1,0.10374555736780167,15.0,125.0183060828649,32.11830608286489
99.15804624557495,1,2.5,95.4,1,0.1024499163031578,15.0,125.01830608140295,29.61830608140295
100.1599383354187,1,2.5,97.9,1,0.09865491092205048,15.0,125.01830608140295,27.11830608140295
101.16102313995361,1,2.5,100.4,1,0.1037231832742691,15.0,125.0079186688939,24.607918668893888
102.16255712509155,1,2.5,102.9,1,0.11008214205503464,15.0,125.0079186688939,22.107918668893888
103.16338419914246,1,2.5,105.4,1,0.11357097327709198,15.0,125.0183060828649,19.61830608286489
104.16466760635376,1,2.5,107.9,1,0.11292554438114166,15.0,125.00467460119728,17.104674601197274
105.16612815856934,1,2.5,110.4,1,0.11250903457403183,15.0,125.00467460205017,14.604674602050167
106.16763854026794,1,2.5,112.9,1,0.11749532073736191,15.0,125.01506228556445,12.115062285564449
107.16847729682922,1,2.5,115.4,1,0.1108127012848854,15.0,125.0183060828649,9.61830608286489
108.17027950286865,1,2.5,117.9,1,0.11223090440034866,15.0,125.0183060828649,7.1183060828648905
109.17221355438232,1,2.5,120.4,1,0.10656736046075821,15.0,125.0079186688939,4.607918668893888
110.17407250404358,1,2.5,122.9,1,0.10784117877483368,15.0,125.00467460119728,2.1046746011972743
111.17493963241577,1,2.5,125.4,1,0.12002740055322647,15.0,125.00143111221882,-0.39856888778118105
112.17642831802368,1,2.5,127.9,1,0.11717674881219864,15.0,125.00143111331543,-2.898568886684572
113.17821145057678,1,2.5,130.4,1,0.11823203414678574,15.0,125.00467460119728,-5.395325398802726
114.28090834617615,4,2.5,2.5,1,0.12100439518690109,15.0,125.01181906438956,122.51181906438956
115.28243827819824,4,2.5,5.0,1,0.12685149908065796,15.0,125.00143111221882,120.00143111221882
116.28436827659607,4,2.5,7.5,1,0.12586641311645508,15.0,125.00143111331543,117.50143111331543
117.28623819351196,4,2.5,10.0,1,0.12673211097717285,15.0,125.00143111221882,115.00143111221882
118.28803277015686,4,2.5,12.5,1,0.1296183168888092,15.0,125.0014311113659,112.5014311113659
119.28999614715576,4,2.5,15.0,1,0.12421059608459473,15.0,125.00467460119728,110.00467460119728
120.29174709320068,4,2.5,17.5,1,0.11874886602163315,15.0,125.0014311113659,107.5014311113659
121.2936623096466,4,2.5,20.0,1,0.12877532839775085,15.0,125.0014311113659,105.0014311113659
122.29543900489807,4,2.5,22.5,1,0.12424460053443909,15.0,125.0014311113659,102.5014311113659
123.29651522636414,4,2.5,25.0,1,0.1292307823896408,15.0,124.99818819861962,99.99818819861962
124.2982907295227,4,2.5,27.5,1,0.13338369131088257,15.0,125.00143111221882,97.50143111221882
125.29988932609558,4,2.5,30.0,1,0.1299162358045578,15.0,125.01181906438956,95.01181906438956
126.30179071426392,4,2.5,32.5,1,0.1280159205198288,15.0,125.0014311113659,92.5014311113659
127.30345416069031,4,2.5,35.0,1,0.1355566531419754,15.0,124.99818819776668,89.99818819776668
128.30460357666016,4,2.5,37.5,1,0.1354624330997467,15.0,124.99818819861962,87.49818819861962
129.30544757843018,4,2.5,40.0,1,0.1353956013917923,15.0,124.99818819861962,84.99818819861962
